5.000000000000000000e-01 -5.000000000000000000e-01 1.285398163397448279e+00
8.162185061478739456e-01 5.777433255535999734e-01 3.765864774951559468e+00
-8.065030190875530636e-01 -5.912299723480380909e-01 -5.031030891568047281e+00
-2.964080126810251237e-01 9.550614064124280933e-01 7.570764652917963744e+00
-7.626261379705346899e-01 -6.468395269957971649e-01 -8.977630490041802247e+00
9.818410695908378338e-01 1.897053348346309232e-01 1.487909175143491680e+01
2.742490539758186685e-01 9.616587005759207329e-01 -1.118188163959224823e+01
-9.466401665964252476e-02 -9.955092786859709442e-01 8.229900935861465427e+00
-7.490616585192251264e-01 6.625002881029009583e-01 -6.781597439678613171e+00
9.630546111495217332e-01 -2.693061750937819632e-01 1.361012778067145490e+01
